<0>
1 1 1 1 1 1 1 1 1 1 1 1 1 1 
0 0 1 0 0 0 0 1 1 0 1 0 1 0 
1 1 2 0 2 0 2 0 2 1 2 0 1 0 
1 0 0 0 0 0 0 1 1 0 0 0 0 0 
1 0 2 0 2 0 2 0 2 1 2 1 0 0 
1 0 0 1 0 0 0 0 0 0 1 1 0 0 
1 0 2 0 2 0 2 0 2 0 2 0 0 0 
1 1 0 1 1 1 1 0 1 0 0 0 0 0 
1 0 2 0 2 0 2 1 2 0 2 0 0 0 
1 0 1 0 0 0 0 0 0 0 1 1 0 0 
1 0 2 0 2 0 2 0 2 0 2 0 0 0 
1 0 0 0 0 0 1 0 0 0 0 0 0 0 
1 0 2 0 2 1 2 0 2 0 2 1 0 0 
1 0 0 1 0 1 1 1 0 0 0 0 0 0 
1 0 2 0 2 0 2 0 2 0 2 0 0 0 
1 1 0 0 0 1 1 1 0 1 0 1 0 0 
1 0 2 0 2 0 2 1 2 0 2 0 1 0 
1 0 0 0 0 0 0 0 0 0 0 0 0 0 
/40

<1>
1 1 1 1 1 1 1 1 1 1 1 1 1 1 
0 1 1 0 0 0 1 1 0 1 1 1 1 0 
1 0 2 0 2 0 2 1 2 0 2 0 0 0 
1 0 0 0 0 0 0 1 0 1 0 1 0 0 
1 0 2 1 2 0 2 0 2 0 2 1 0 0 
1 0 0 0 0 0 0 0 0 1 0 0 0 0 
1 1 2 1 2 1 2 0 2 0 2 0 0 0 
1 0 0 1 0 1 0 1 1 0 0 0 0 0 
1 0 2 0 2 0 2 0 2 0 2 1 0 0 
1 1 0 0 0 0 0 0 0 1 0 0 0 0 
1 0 2 0 2 0 2 0 2 0 2 0 0 0 
1 0 0 0 0 1 1 0 0 0 0 1 0 0 
1 0 2 1 2 1 2 1 2 0 2 0 0 0 
1 0 0 0 0 1 0 0 0 0 0 0 0 0 
1 1 2 0 2 1 2 1 2 1 2 1 0 0 
1 0 0 0 0 1 0 1 0 0 0 0 1 0 
1 0 2 0 2 0 2 0 2 0 2 0 0 0 
1 0 0 0 0 0 0 0 0 0 0 0 0 0 
/40

<2>
1 1 1 1 1 1 1 1 1 1 1 1 1 1 
1 1 0 0 0 1 1 1 1 1 1 1 0 0 
1 0 2 0 2 0 2 1 2 1 2 1 0 0 
1 0 0 1 0 0 0 0 0 0 0 1 0 0 
1 0 2 0 2 0 2 0 2 1 2 0 0 0 
1 1 0 1 0 1 0 0 0 0 0 0 0 0 
1 0 2 1 2 1 2 1 2 0 2 0 0 0 
1 0 0 0 0 0 0 1 0 0 0 1 0 0 
1 1 2 0 2 0 2 0 2 1 2 0 0 0 
1 0 0 0 0 0 0 0 0 0 0 0 0 0 
1 0 2 0 2 1 2 0 2 0 2 1 0 0 
1 0 0 1 0 1 1 1 0 0 0 0 0 0 
1 0 2 0 2 1 2 0 2 0 2 0 0 0 
1 1 0 0 0 1 0 1 0 1 0 1 0 0 
1 0 2 0 2 1 2 1 2 0 2 0 1 0 
1 0 0 0 0 0 0 0 0 0 0 0 0 0 
1 0 2 0 2 0 2 0 2 0 2 0 0 0 
1 0 0 0 0 0 0 0 0 0 0 0 0 0 
/39

<3>
1 1 1 1 1 1 1 1 1 1 1 1 1 1 
1 0 0 0 1 1 1 1 1 1 1 1 0 0 
1 0 2 1 2 0 2 0 2 1 2 1 0 0 
1 0 0 0 0 0 0 0 0 1 1 0 0 0 
1 1 2 1 2 1 2 0 2 0 2 0 0 0 
1 0 0 1 0 1 0 1 0 0 0 0 0 0 
1 0 2 0 2 0 2 1 2 0 2 1 0 0 
1 1 0 0 0 0 0 0 0 1 0 0 0 0 
1 0 2 0 2 0 2 0 2 0 2 0 0 0 
1 0 0 0 0 1 0 0 0 0 0 1 0 0 
1 0 2 1 2 1 2 1 2 0 2 0 0 0 
1 0 0 0 0 1 1 0 0 0 0 0 0 0 
1 1 2 0 2 1 2 1 2 1 2 1 0 0 
1 0 0 0 0 1 0 1 0 0 0 0 1 0 
1 0 2 0 2 0 2 0 2 0 2 0 0 0 
1 0 0 0 0 0 0 0 0 0 0 0 0 0 
1 0 2 0 2 0 2 0 2 0 2 0 0 0 
1 0 0 0 0 0 0 0 0 0 0 0 0 0 
/38

<4>
1 1 1 1 1 1 1 1 1 1 1 1 1 1 
0 0 0 1 1 1 1 1 1 1 1 1 0 0 
1 0 2 0 2 0 2 0 2 1 2 1 0 0 
1 1 0 1 0 1 0 0 1 1 0 0 0 0 
1 0 2 1 2 1 2 1 2 0 2 0 0 0 
1 0 0 0 0 0 0 1 0 0 0 1 0 0 
1 1 2 0 2 0 2 0 2 1 2 0 0 0 
1 0 0 0 0 0 0 0 0 0 0 0 0 0 
1 0 2 0 2 1 2 0 2 0 2 1 0 0 
1 0 0 1 0 1 0 1 0 0 0 0 0 0 
1 0 2 0 2 1 2 0 2 0 2 0 0 0 
1 1 0 0 0 1 1 1 0 1 0 1 0 0 
1 0 2 0 2 1 2 1 2 0 2 0 1 0 
1 0 0 0 0 0 0 0 0 0 0 0 0 0 
1 0 2 0 2 0 2 0 2 0 2 0 0 0 
1 0 0 0 0 0 0 0 0 0 0 0 0 0 
1 0 2 0 2 0 2 0 2 0 2 0 0 0 
1 0 0 0 0 0 0 0 0 0 0 0 0 0 
/38

<5>
1 1 1 1 1 1 1 1 1 1 1 1 1 1 
0 0 1 1 1 1 1 1 1 1 1 1 0 0 
1 1 2 1 2 1 2 0 2 1 2 1 0 0 
1 0 0 1 0 1 0 1 1 0 0 0 0 0 
1 0 2 0 2 0 2 1 2 0 2 1 0 0 
1 1 0 0 0 0 0 0 0 1 0 0 0 0 
1 0 2 0 2 0 2 0 2 0 2 0 0 0 
1 0 0 0 0 1 0 0 0 0 0 1 0 0 
1 0 2 1 2 1 2 1 2 0 2 0 0 0 
1 0 0 0 0 1 0 0 0 0 0 0 0 0 
1 1 2 0 2 1 2 1 2 1 2 1 0 0 
1 0 0 0 0 1 1 1 0 0 0 0 1 0 
1 0 2 0 2 0 2 0 2 0 2 0 0 0 
1 0 0 0 0 0 0 0 0 0 0 0 0 0 
1 0 2 0 2 0 2 0 2 0 2 0 0 0 
1 0 0 0 0 0 0 0 0 0 0 0 0 0 
1 0 2 0 2 0 2 0 2 0 2 0 0 0 
1 0 0 0 0 0 0 0 0 0 0 0 0 0 
/38

<6>
1 1 1 1 1 1 1 1 1 1 1 1 1 1 
0 1 1 1 1 1 1 1 1 1 1 1 0 0 
1 0 2 1 2 1 2 1 2 1 2 1 0 0 
1 0 1 0 1 0 0 1 1 0 0 1 0 0 
1 1 2 0 2 0 2 0 2 1 2 0 0 0 
1 0 0 0 0 0 0 0 0 0 0 0 0 0 
1 0 2 0 2 1 2 0 2 0 2 1 0 0 
1 0 0 1 0 1 0 1 0 0 0 0 0 0 
1 0 2 0 2 1 2 0 2 0 2 0 0 0 
1 1 0 0 0 1 0 1 0 1 0 1 0 0 
1 0 2 0 2 1 2 1 2 0 2 0 1 0 
1 0 0 0 0 1 0 0 0 0 0 0 0 0 
1 0 2 0 2 0 2 0 2 0 2 0 0 0 
1 0 0 0 0 0 0 0 0 0 0 0 0 0 
1 0 2 0 2 0 2 0 2 0 2 0 0 0 
1 0 0 0 0 0 0 0 0 0 0 0 0 0 
1 0 2 0 2 0 2 0 2 0 2 0 0 0 
1 0 0 0 0 0 0 0 0 0 0 0 0 0 
/38

<7>
1 1 1 1 1 1 1 1 1 1 1 1 1 1 
1 1 1 1 1 1 1 1 1 1 1 1 0 0 
1 0 2 0 2 1 2 1 2 1 2 1 0 0 
1 1 1 1 0 0 1 1 0 1 1 0 0 0 
1 0 2 0 2 0 2 0 2 0 2 0 0 0 
1 0 0 0 0 1 0 0 0 0 0 1 0 0 
1 0 2 1 2 1 2 1 2 0 2 0 0 0 
1 0 0 0 0 1 0 0 0 0 0 0 0 0 
1 1 2 0 2 1 2 1 2 1 2 1 0 0 
1 0 0 0 0 1 0 1 0 0 0 0 1 0 
1 0 2 0 2 1 2 0 2 0 2 0 0 0 
1 0 0 0 0 0 0 0 0 0 0 0 0 0 
1 0 2 0 2 0 2 0 2 0 2 0 0 0 
1 0 0 0 0 0 0 0 0 0 0 0 0 0 
1 0 2 0 2 0 2 0 2 0 2 0 0 0 
1 0 0 0 0 0 0 0 0 0 0 0 0 0 
1 0 2 0 2 0 2 0 2 0 2 0 0 0 
1 0 0 0 0 0 0 0 0 0 0 0 0 0 
/37

<8>
1 1 1 1 1 1 1 1 1 1 1 1 1 1 
1 1 1 1 1 1 1 1 1 1 1 1 0 0 
1 1 2 1 2 0 2 1 2 1 2 1 0 0 
1 1 0 0 0 1 1 0 1 1 0 0 0 0 
1 0 2 0 2 1 2 0 2 0 2 1 0 0 
1 0 0 1 0 1 0 1 0 0 0 0 0 0 
1 0 2 0 2 1 2 0 2 0 2 0 0 0 
1 1 0 0 0 1 0 1 0 1 0 1 0 0 
1 0 2 0 2 1 2 1 2 0 2 0 1 0 
1 0 0 0 0 1 0 0 0 0 0 0 0 0 
1 0 2 0 2 0 2 0 2 0 2 0 0 0 
1 0 0 0 0 0 0 0 0 0 0 0 0 0 
1 0 2 0 2 0 2 0 2 0 2 0 0 0 
1 0 0 0 0 0 0 0 0 0 0 0 0 0 
1 0 2 0 2 0 2 0 2 0 2 0 0 0 
1 0 0 0 0 0 0 0 0 0 0 0 0 0 
1 0 2 0 2 0 2 0 2 0 2 0 0 0 
1 0 0 0 0 0 0 0 0 0 0 0 0 0 
/36

<9>
1 1 1 1 1 1 1 1 1 1 1 1 1 1 
1 1 1 1 1 1 1 1 1 1 1 1 0 0 
1 1 2 1 2 1 2 1 2 1 2 1 0 0 
1 0 0 0 0 1 1 1 1 0 0 1 0 0 
1 0 2 1 2 1 2 1 2 0 2 0 0 0 
1 0 0 0 0 1 0 0 0 0 0 0 0 0 
1 1 2 0 2 1 2 1 2 1 2 1 0 0 
1 0 0 0 0 1 0 1 0 0 0 0 1 0 
1 0 2 0 2 1 2 0 2 0 2 0 0 0 
1 0 0 0 0 0 0 0 0 0 0 0 0 0 
1 0 2 0 2 0 2 0 2 0 2 0 0 0 
1 0 0 0 0 0 0 0 0 0 0 0 0 0 
1 0 2 0 2 0 2 0 2 0 2 0 0 0 
1 0 0 0 0 0 0 0 0 0 0 0 0 0 
1 0 2 0 2 0 2 0 2 0 2 0 0 0 
1 0 0 0 0 0 0 0 0 0 0 0 0 0 
1 0 2 0 2 0 2 0 2 0 2 0 0 0 
1 0 0 0 0 0 0 0 0 0 0 0 0 0 
/35

<10>
1 1 1 1 1 1 1 1 1 1 1 1 1 1 
1 1 1 1 1 1 1 1 1 1 1 1 0 0 
1 0 2 1 2 1 2 1 2 1 2 1 0 0 
1 0 0 1 1 1 1 1 1 0 1 0 0 0 
1 0 2 0 2 1 2 1 2 0 2 0 0 0 
1 1 0 0 0 1 0 1 0 1 0 1 0 0 
1 0 2 0 2 1 2 1 2 0 2 0 1 0 
1 0 0 0 0 1 0 0 0 0 0 0 0 0 
1 0 2 0 2 0 2 0 2 0 2 0 0 0 
1 0 0 0 0 0 0 0 0 0 0 0 0 0 
1 0 2 0 2 0 2 0 2 0 2 0 0 0 
1 0 0 0 0 0 0 0 0 0 0 0 0 0 
1 0 2 0 2 0 2 0 2 0 2 0 0 0 
1 0 0 0 0 0 0 0 0 0 0 0 0 0 
1 0 2 0 2 0 2 0 2 0 2 0 0 0 
1 0 0 0 0 0 0 0 0 0 0 0 0 0 
1 0 2 0 2 0 2 0 2 0 2 0 0 0 
1 0 0 0 0 0 0 0 0 0 0 0 0 0 
/34

<11>
1 1 1 1 1 1 1 1 1 1 1 1 1 1 
1 1 1 1 1 1 1 1 1 1 1 1 0 0 
1 0 2 1 2 1 2 1 2 1 2 1 0 0 
1 0 0 1 1 1 1 1 1 1 0 0 0 0 
1 1 2 0 2 1 2 1 2 1 2 1 0 0 
1 0 0 0 0 1 1 1 0 0 0 0 1 0 
1 0 2 0 2 1 2 0 2 0 2 0 0 0 
1 0 0 0 0 0 0 0 0 0 0 0 0 0 
1 0 2 0 2 0 2 0 2 0 2 0 0 0 
1 0 0 0 0 0 0 0 0 0 0 0 0 0 
1 0 2 0 2 0 2 0 2 0 2 0 0 0 
1 0 0 0 0 0 0 0 0 0 0 0 0 0 
1 0 2 0 2 0 2 0 2 0 2 0 0 0 
1 0 0 0 0 0 0 0 0 0 0 0 0 0 
1 0 2 0 2 0 2 0 2 0 2 0 0 0 
1 0 0 0 0 0 0 0 0 0 0 0 0 0 
1 0 2 0 2 0 2 0 2 0 2 0 0 0 
1 0 0 0 0 0 0 0 0 0 0 0 0 0 
/33

<12>
1 1 1 1 1 1 1 1 1 1 1 1 1 1 
1 1 1 1 1 1 1 1 1 1 1 1 0 0 
1 0 2 1 2 1 2 1 2 1 2 1 0 0 
1 1 0 1 1 1 1 1 1 1 0 1 0 0 
1 0 2 0 2 1 2 1 2 1 2 0 1 0 
1 0 0 0 0 1 1 1 0 0 0 0 0 0 
1 0 2 0 2 0 2 0 2 0 2 0 0 0 
1 0 0 0 0 0 0 0 0 0 0 0 0 0 
1 0 2 0 2 0 2 0 2 0 2 0 0 0 
1 0 0 0 0 0 0 0 0 0 0 0 0 0 
1 0 2 0 2 0 2 0 2 0 2 0 0 0 
1 0 0 0 0 0 0 0 0 0 0 0 0 0 
1 0 2 0 2 0 2 0 2 0 2 0 0 0 
1 0 0 0 0 0 0 0 0 0 0 0 0 0 
1 0 2 0 2 0 2 0 2 0 2 0 0 0 
1 0 0 0 0 0 0 0 0 0 0 0 0 0 
1 0 2 0 2 0 2 0 2 0 2 0 0 0 
1 0 0 0 0 0 0 0 0 0 0 0 0 0 
/32

<13>
1 1 1 1 1 1 1 1 1 1 1 1 1 1 
1 1 1 1 1 1 1 1 1 1 1 1 0 0 
1 1 2 1 2 1 2 1 2 1 2 1 0 0 
1 0 0 1 1 1 1 1 1 1 1 0 1 0 
1 0 2 0 2 1 2 1 2 1 2 0 0 0 
1 0 0 0 0 1 1 0 0 0 0 0 0 0 
1 0 2 0 2 0 2 0 2 0 2 0 0 0 
1 0 0 0 0 0 0 0 0 0 0 0 0 0 
1 0 2 0 2 0 2 0 2 0 2 0 0 0 
1 0 0 0 0 0 0 0 0 0 0 0 0 0 
1 0 2 0 2 0 2 0 2 0 2 0 0 0 
1 0 0 0 0 0 0 0 0 0 0 0 0 0 
1 0 2 0 2 0 2 0 2 0 2 0 0 0 
1 0 0 0 0 0 0 0 0 0 0 0 0 0 
1 0 2 0 2 0 2 0 2 0 2 0 0 0 
1 0 0 0 0 0 0 0 0 0 0 0 0 0 
1 0 2 0 2 0 2 0 2 0 2 0 0 0 
1 0 0 0 0 0 0 0 0 0 0 0 0 0 
/31

<14>
1 1 1 1 1 1 1 1 1 1 1 1 1 1 
1 1 1 1 1 1 1 1 1 1 1 1 0 0 
1 0 2 1 2 1 2 1 2 1 2 1 1 0 
1 0 1 1 1 1 1 1 1 1 1 0 0 0 
1 0 2 0 2 1 2 1 2 1 2 0 0 0 
1 0 0 0 0 1 0 0 0 0 0 0 0 0 
1 0 2 0 2 0 2 0 2 0 2 0 0 0 
1 0 0 0 0 0 0 0 0 0 0 0 0 0 
1 0 2 0 2 0 2 0 2 0 2 0 0 0 
1 0 0 0 0 0 0 0 0 0 0 0 0 0 
1 0 2 0 2 0 2 0 2 0 2 0 0 0 
1 0 0 0 0 0 0 0 0 0 0 0 0 0 
1 0 2 0 2 0 2 0 2 0 2 0 0 0 
1 0 0 0 0 0 0 0 0 0 0 0 0 0 
1 0 2 0 2 0 2 0 2 0 2 0 0 0 
1 0 0 0 0 0 0 0 0 0 0 0 0 0 
1 0 2 0 2 0 2 0 2 0 2 0 0 0 
1 0 0 0 0 0 0 0 0 0 0 0 0 0 
/30

<15>
1 1 1 1 1 1 1 1 1 1 1 1 1 1 
1 1 1 1 1 1 1 1 1 1 1 1 1 0 
1 0 2 1 2 1 2 1 2 1 2 1 0 0 
1 1 0 1 1 1 1 1 1 1 1 0 0 0 
1 0 2 0 2 1 2 1 2 1 2 0 0 0 
1 0 0 0 0 0 0 0 0 0 0 0 0 0 
1 0 2 0 2 0 2 0 2 0 2 0 0 0 
1 0 0 0 0 0 0 0 0 0 0 0 0 0 
1 0 2 0 2 0 2 0 2 0 2 0 0 0 
1 0 0 0 0 0 0 0 0 0 0 0 0 0 
1 0 2 0 2 0 2 0 2 0 2 0 0 0 
1 0 0 0 0 0 0 0 0 0 0 0 0 0 
1 0 2 0 2 0 2 0 2 0 2 0 0 0 
1 0 0 0 0 0 0 0 0 0 0 0 0 0 
1 0 2 0 2 0 2 0 2 0 2 0 0 0 
1 0 0 0 0 0 0 0 0 0 0 0 0 0 
1 0 2 0 2 0 2 0 2 0 2 0 0 0 
1 0 0 0 0 0 0 0 0 0 0 0 0 0 
/29

<16>
1 1 1 1 1 1 1 1 1 1 1 1 1 1 
1 1 1 1 1 1 1 1 1 1 1 1 1 0 
1 1 2 1 2 1 2 1 2 1 2 1 0 0 
1 0 0 1 1 1 1 1 1 1 1 0 0 0 
1 0 2 0 2 0 2 1 2 1 2 0 0 0 
1 0 0 0 0 0 0 0 0 0 0 0 0 0 
1 0 2 0 2 0 2 0 2 0 2 0 0 0 
1 0 0 0 0 0 0 0 0 0 0 0 0 0 
1 0 2 0 2 0 2 0 2 0 2 0 0 0 
1 0 0 0 0 0 0 0 0 0 0 0 0 0 
1 0 2 0 2 0 2 0 2 0 2 0 0 0 
1 0 0 0 0 0 0 0 0 0 0 0 0 0 
1 0 2 0 2 0 2 0 2 0 2 0 0 0 
1 0 0 0 0 0 0 0 0 0 0 0 0 0 
1 0 2 0 2 0 2 0 2 0 2 0 0 0 
1 0 0 0 0 0 0 0 0 0 0 0 0 0 
1 0 2 0 2 0 2 0 2 0 2 0 0 0 
1 0 0 0 0 0 0 0 0 0 0 0 0 0 
/28

<17>
1 1 1 1 1 1 1 1 1 1 1 1 1 1 
1 1 1 1 1 1 1 1 1 1 1 1 1 0 
1 0 2 1 2 1 2 1 2 1 2 1 0 0 
1 0 1 1 1 1 1 1 1 1 1 0 0 0 
1 0 2 0 2 0 2 0 2 1 2 0 0 0 
1 0 0 0 0 0 0 0 0 0 0 0 0 0 
1 0 2 0 2 0 2 0 2 0 2 0 0 0 
1 0 0 0 0 0 0 0 0 0 0 0 0 0 
1 0 2 0 2 0 2 0 2 0 2 0 0 0 
1 0 0 0 0 0 0 0 0 0 0 0 0 0 
1 0 2 0 2 0 2 0 2 0 2 0 0 0 
1 0 0 0 0 0 0 0 0 0 0 0 0 0 
1 0 2 0 2 0 2 0 2 0 2 0 0 0 
1 0 0 0 0 0 0 0 0 0 0 0 0 0 
1 0 2 0 2 0 2 0 2 0 2 0 0 0 
1 0 0 0 0 0 0 0 0 0 0 0 0 0 
1 0 2 0 2 0 2 0 2 0 2 0 0 0 
1 0 0 0 0 0 0 0 0 0 0 0 0 0 
/27

<18>
1 1 1 1 1 1 1 1 1 1 1 1 1 1 
1 1 1 1 1 1 1 1 1 1 1 1 1 0 
1 0 2 1 2 1 2 1 2 1 2 1 0 0 
1 1 0 1 1 1 1 1 1 1 1 0 0 0 
1 0 2 0 2 0 2 0 2 0 2 0 0 0 
1 0 0 0 0 0 0 0 0 0 0 0 0 0 
1 0 2 0 2 0 2 0 2 0 2 0 0 0 
1 0 0 0 0 0 0 0 0 0 0 0 0 0 
1 0 2 0 2 0 2 0 2 0 2 0 0 0 
1 0 0 0 0 0 0 0 0 0 0 0 0 0 
1 0 2 0 2 0 2 0 2 0 2 0 0 0 
1 0 0 0 0 0 0 0 0 0 0 0 0 0 
1 0 2 0 2 0 2 0 2 0 2 0 0 0 
1 0 0 0 0 0 0 0 0 0 0 0 0 0 
1 0 2 0 2 0 2 0 2 0 2 0 0 0 
1 0 0 0 0 0 0 0 0 0 0 0 0 0 
1 0 2 0 2 0 2 0 2 0 2 0 0 0 
1 0 0 0 0 0 0 0 0 0 0 0 0 0 
/26

<19>
1 1 1 1 1 1 1 1 1 1 1 1 1 1 
1 1 1 1 1 1 1 1 1 1 1 1 1 0 
1 1 2 1 2 1 2 1 2 1 2 1 0 0 
1 0 0 1 1 1 1 1 1 1 0 0 0 0 
1 0 2 0 2 0 2 0 2 0 2 0 0 0 
1 0 0 0 0 0 0 0 0 0 0 0 0 0 
1 0 2 0 2 0 2 0 2 0 2 0 0 0 
1 0 0 0 0 0 0 0 0 0 0 0 0 0 
1 0 2 0 2 0 2 0 2 0 2 0 0 0 
1 0 0 0 0 0 0 0 0 0 0 0 0 0 
1 0 2 0 2 0 2 0 2 0 2 0 0 0 
1 0 0 0 0 0 0 0 0 0 0 0 0 0 
1 0 2 0 2 0 2 0 2 0 2 0 0 0 
1 0 0 0 0 0 0 0 0 0 0 0 0 0 
1 0 2 0 2 0 2 0 2 0 2 0 0 0 
1 0 0 0 0 0 0 0 0 0 0 0 0 0 
1 0 2 0 2 0 2 0 2 0 2 0 0 0 
1 0 0 0 0 0 0 0 0 0 0 0 0 0 
/25

<20>
1 1 1 1 1 1 1 1 1 1 1 1 1 1 
1 1 1 1 1 1 1 1 1 1 1 1 1 0 
1 0 2 1 2 1 2 1 2 1 2 1 0 0 
1 0 1 1 1 1 1 1 1 0 0 0 0 0 
1 0 2 0 2 0 2 0 2 0 2 0 0 0 
1 0 0 0 0 0 0 0 0 0 0 0 0 0 
1 0 2 0 2 0 2 0 2 0 2 0 0 0 
1 0 0 0 0 0 0 0 0 0 0 0 0 0 
1 0 2 0 2 0 2 0 2 0 2 0 0 0 
1 0 0 0 0 0 0 0 0 0 0 0 0 0 
1 0 2 0 2 0 2 0 2 0 2 0 0 0 
1 0 0 0 0 0 0 0 0 0 0 0 0 0 
1 0 2 0 2 0 2 0 2 0 2 0 0 0 
1 0 0 0 0 0 0 0 0 0 0 0 0 0 
1 0 2 0 2 0 2 0 2 0 2 0 0 0 
1 0 0 0 0 0 0 0 0 0 0 0 0 0 
1 0 2 0 2 0 2 0 2 0 2 0 0 0 
1 0 0 0 0 0 0 0 0 0 0 0 0 0 
/24

<21>
1 1 1 1 1 1 1 1 1 1 1 1 1 1 
1 1 1 1 1 1 1 1 1 1 1 1 1 0 
1 0 2 1 2 1 2 1 2 1 2 1 0 0 
1 1 0 1 1 1 1 1 0 0 0 0 0 0 
1 0 2 0 2 0 2 0 2 0 2 0 0 0 
1 0 0 0 0 0 0 0 0 0 0 0 0 0 
1 0 2 0 2 0 2 0 2 0 2 0 0 0 
1 0 0 0 0 0 0 0 0 0 0 0 0 0 
1 0 2 0 2 0 2 0 2 0 2 0 0 0 
1 0 0 0 0 0 0 0 0 0 0 0 0 0 
1 0 2 0 2 0 2 0 2 0 2 0 0 0 
1 0 0 0 0 0 0 0 0 0 0 0 0 0 
1 0 2 0 2 0 2 0 2 0 2 0 0 0 
1 0 0 0 0 0 0 0 0 0 0 0 0 0 
1 0 2 0 2 0 2 0 2 0 2 0 0 0 
1 0 0 0 0 0 0 0 0 0 0 0 0 0 
1 0 2 0 2 0 2 0 2 0 2 0 0 0 
1 0 0 0 0 0 0 0 0 0 0 0 0 0 
/23

<22>
1 1 1 1 1 1 1 1 1 1 1 1 1 1 
1 1 1 1 1 1 1 1 1 1 1 1 1 0 
1 1 2 1 2 1 2 1 2 1 2 1 0 0 
1 0 0 1 1 1 1 0 0 0 0 0 0 0 
1 0 2 0 2 0 2 0 2 0 2 0 0 0 
1 0 0 0 0 0 0 0 0 0 0 0 0 0 
1 0 2 0 2 0 2 0 2 0 2 0 0 0 
1 0 0 0 0 0 0 0 0 0 0 0 0 0 
1 0 2 0 2 0 2 0 2 0 2 0 0 0 
1 0 0 0 0 0 0 0 0 0 0 0 0 0 
1 0 2 0 2 0 2 0 2 0 2 0 0 0 
1 0 0 0 0 0 0 0 0 0 0 0 0 0 
1 0 2 0 2 0 2 0 2 0 2 0 0 0 
1 0 0 0 0 0 0 0 0 0 0 0 0 0 
1 0 2 0 2 0 2 0 2 0 2 0 0 0 
1 0 0 0 0 0 0 0 0 0 0 0 0 0 
1 0 2 0 2 0 2 0 2 0 2 0 0 0 
1 0 0 0 0 0 0 0 0 0 0 0 0 0 
/22

<23>
1 1 1 1 1 1 1 1 1 1 1 1 1 1 
1 1 1 1 1 1 1 1 1 1 1 1 1 0 
1 0 2 1 2 1 2 1 2 1 2 1 0 0 
1 0 1 1 1 1 0 0 0 0 0 0 0 0 
1 0 2 0 2 0 2 0 2 0 2 0 0 0 
1 0 0 0 0 0 0 0 0 0 0 0 0 0 
1 0 2 0 2 0 2 0 2 0 2 0 0 0 
1 0 0 0 0 0 0 0 0 0 0 0 0 0 
1 0 2 0 2 0 2 0 2 0 2 0 0 0 
1 0 0 0 0 0 0 0 0 0 0 0 0 0 
1 0 2 0 2 0 2 0 2 0 2 0 0 0 
1 0 0 0 0 0 0 0 0 0 0 0 0 0 
1 0 2 0 2 0 2 0 2 0 2 0 0 0 
1 0 0 0 0 0 0 0 0 0 0 0 0 0 
1 0 2 0 2 0 2 0 2 0 2 0 0 0 
1 0 0 0 0 0 0 0 0 0 0 0 0 0 
1 0 2 0 2 0 2 0 2 0 2 0 0 0 
1 0 0 0 0 0 0 0 0 0 0 0 0 0 
/21

<24>
1 1 1 1 1 1 1 1 1 1 1 1 1 1 
1 1 1 1 1 1 1 1 1 1 1 1 1 0 
1 0 2 1 2 1 2 1 2 1 2 1 0 0 
1 1 0 1 1 0 0 0 0 0 0 0 0 0 
1 0 2 0 2 0 2 0 2 0 2 0 0 0 
1 0 0 0 0 0 0 0 0 0 0 0 0 0 
1 0 2 0 2 0 2 0 2 0 2 0 0 0 
1 0 0 0 0 0 0 0 0 0 0 0 0 0 
1 0 2 0 2 0 2 0 2 0 2 0 0 0 
1 0 0 0 0 0 0 0 0 0 0 0 0 0 
1 0 2 0 2 0 2 0 2 0 2 0 0 0 
1 0 0 0 0 0 0 0 0 0 0 0 0 0 
1 0 2 0 2 0 2 0 2 0 2 0 0 0 
1 0 0 0 0 0 0 0 0 0 0 0 0 0 
1 0 2 0 2 0 2 0 2 0 2 0 0 0 
1 0 0 0 0 0 0 0 0 0 0 0 0 0 
1 0 2 0 2 0 2 0 2 0 2 0 0 0 
1 0 0 0 0 0 0 0 0 0 0 0 0 0 
/20

<25>
1 1 1 1 1 1 1 1 1 1 1 1 1 1 
1 1 1 1 1 1 1 1 1 1 1 1 1 0 
1 1 2 1 2 1 2 1 2 1 2 1 0 0 
1 0 0 1 0 0 0 0 0 0 0 0 0 0 
1 0 2 0 2 0 2 0 2 0 2 0 0 0 
1 0 0 0 0 0 0 0 0 0 0 0 0 0 
1 0 2 0 2 0 2 0 2 0 2 0 0 0 
1 0 0 0 0 0 0 0 0 0 0 0 0 0 
1 0 2 0 2 0 2 0 2 0 2 0 0 0 
1 0 0 0 0 0 0 0 0 0 0 0 0 0 
1 0 2 0 2 0 2 0 2 0 2 0 0 0 
1 0 0 0 0 0 0 0 0 0 0 0 0 0 
1 0 2 0 2 0 2 0 2 0 2 0 0 0 
1 0 0 0 0 0 0 0 0 0 0 0 0 0 
1 0 2 0 2 0 2 0 2 0 2 0 0 0 
1 0 0 0 0 0 0 0 0 0 0 0 0 0 
1 0 2 0 2 0 2 0 2 0 2 0 0 0 
1 0 0 0 0 0 0 0 0 0 0 0 0 0 
/19

<26>
1 1 1 1 1 1 1 1 1 1 1 1 1 1 
1 1 1 1 1 1 1 1 1 1 1 1 1 0 
1 0 2 1 2 1 2 1 2 1 2 1 0 0 
1 0 1 0 0 0 0 0 0 0 0 0 0 0 
1 0 2 0 2 0 2 0 2 0 2 0 0 0 
1 0 0 0 0 0 0 0 0 0 0 0 0 0 
1 0 2 0 2 0 2 0 2 0 2 0 0 0 
1 0 0 0 0 0 0 0 0 0 0 0 0 0 
1 0 2 0 2 0 2 0 2 0 2 0 0 0 
1 0 0 0 0 0 0 0 0 0 0 0 0 0 
1 0 2 0 2 0 2 0 2 0 2 0 0 0 
1 0 0 0 0 0 0 0 0 0 0 0 0 0 
1 0 2 0 2 0 2 0 2 0 2 0 0 0 
1 0 0 0 0 0 0 0 0 0 0 0 0 0 
1 0 2 0 2 0 2 0 2 0 2 0 0 0 
1 0 0 0 0 0 0 0 0 0 0 0 0 0 
1 0 2 0 2 0 2 0 2 0 2 0 0 0 
1 0 0 0 0 0 0 0 0 0 0 0 0 0 
/18

<27>
1 1 1 1 1 1 1 1 1 1 1 1 1 1 
1 1 1 1 1 1 1 1 1 1 1 1 1 0 
1 0 2 0 2 1 2 1 2 1 2 1 0 0 
1 1 0 0 0 0 0 0 0 0 0 0 0 0 
1 0 2 0 2 0 2 0 2 0 2 0 0 0 
1 0 0 0 0 0 0 0 0 0 0 0 0 0 
1 0 2 0 2 0 2 0 2 0 2 0 0 0 
1 0 0 0 0 0 0 0 0 0 0 0 0 0 
1 0 2 0 2 0 2 0 2 0 2 0 0 0 
1 0 0 0 0 0 0 0 0 0 0 0 0 0 
1 0 2 0 2 0 2 0 2 0 2 0 0 0 
1 0 0 0 0 0 0 0 0 0 0 0 0 0 
1 0 2 0 2 0 2 0 2 0 2 0 0 0 
1 0 0 0 0 0 0 0 0 0 0 0 0 0 
1 0 2 0 2 0 2 0 2 0 2 0 0 0 
1 0 0 0 0 0 0 0 0 0 0 0 0 0 
1 0 2 0 2 0 2 0 2 0 2 0 0 0 
1 0 0 0 0 0 0 0 0 0 0 0 0 0 
/17

<28>
1 1 1 1 1 1 1 1 1 1 1 1 1 1 
1 1 1 1 1 1 1 1 1 1 1 1 1 0 
1 1 2 0 2 0 2 1 2 1 2 1 0 0 
1 0 0 0 0 0 0 0 0 0 0 0 0 0 
1 0 2 0 2 0 2 0 2 0 2 0 0 0 
1 0 0 0 0 0 0 0 0 0 0 0 0 0 
1 0 2 0 2 0 2 0 2 0 2 0 0 0 
1 0 0 0 0 0 0 0 0 0 0 0 0 0 
1 0 2 0 2 0 2 0 2 0 2 0 0 0 
1 0 0 0 0 0 0 0 0 0 0 0 0 0 
1 0 2 0 2 0 2 0 2 0 2 0 0 0 
1 0 0 0 0 0 0 0 0 0 0 0 0 0 
1 0 2 0 2 0 2 0 2 0 2 0 0 0 
1 0 0 0 0 0 0 0 0 0 0 0 0 0 
1 0 2 0 2 0 2 0 2 0 2 0 0 0 
1 0 0 0 0 0 0 0 0 0 0 0 0 0 
1 0 2 0 2 0 2 0 2 0 2 0 0 0 
1 0 0 0 0 0 0 0 0 0 0 0 0 0 
/16

<29>
1 1 1 1 1 1 1 1 1 1 1 1 1 1 
1 1 1 1 1 1 1 1 1 1 1 1 1 0 
1 0 2 0 2 0 2 1 2 1 2 1 0 0 
1 0 0 0 0 0 0 0 0 0 0 0 0 0 
1 0 2 0 2 0 2 0 2 0 2 0 0 0 
1 0 0 0 0 0 0 0 0 0 0 0 0 0 
1 0 2 0 2 0 2 0 2 0 2 0 0 0 
1 0 0 0 0 0 0 0 0 0 0 0 0 0 
1 0 2 0 2 0 2 0 2 0 2 0 0 0 
1 0 0 0 0 0 0 0 0 0 0 0 0 0 
1 0 2 0 2 0 2 0 2 0 2 0 0 0 
1 0 0 0 0 0 0 0 0 0 0 0 0 0 
1 0 2 0 2 0 2 0 2 0 2 0 0 0 
1 0 0 0 0 0 0 0 0 0 0 0 0 0 
1 0 2 0 2 0 2 0 2 0 2 0 0 0 
1 0 0 0 0 0 0 0 0 0 0 0 0 0 
1 0 2 0 2 0 2 0 2 0 2 0 0 0 
1 0 0 0 0 0 0 0 0 0 0 0 0 0 
/15

<30>
1 1 1 1 1 1 1 1 1 1 1 1 1 1 
1 1 1 1 1 1 1 1 1 1 1 1 1 0 
1 0 2 0 2 0 2 0 2 1 2 1 0 0 
1 0 0 0 0 0 0 0 0 0 0 0 0 0 
1 0 2 0 2 0 2 0 2 0 2 0 0 0 
1 0 0 0 0 0 0 0 0 0 0 0 0 0 
1 0 2 0 2 0 2 0 2 0 2 0 0 0 
1 0 0 0 0 0 0 0 0 0 0 0 0 0 
1 0 2 0 2 0 2 0 2 0 2 0 0 0 
1 0 0 0 0 0 0 0 0 0 0 0 0 0 
1 0 2 0 2 0 2 0 2 0 2 0 0 0 
1 0 0 0 0 0 0 0 0 0 0 0 0 0 
1 0 2 0 2 0 2 0 2 0 2 0 0 0 
1 0 0 0 0 0 0 0 0 0 0 0 0 0 
1 0 2 0 2 0 2 0 2 0 2 0 0 0 
1 0 0 0 0 0 0 0 0 0 0 0 0 0 
1 0 2 0 2 0 2 0 2 0 2 0 0 0 
1 0 0 0 0 0 0 0 0 0 0 0 0 0 
/14

<31>
1 1 1 1 1 1 1 1 1 1 1 1 1 1 
1 1 1 1 1 1 1 1 1 1 1 1 1 0 
1 0 2 0 2 0 2 0 2 0 2 1 0 0 
1 0 0 0 0 0 0 0 0 0 0 0 0 0 
1 0 2 0 2 0 2 0 2 0 2 0 0 0 
1 0 0 0 0 0 0 0 0 0 0 0 0 0 
1 0 2 0 2 0 2 0 2 0 2 0 0 0 
1 0 0 0 0 0 0 0 0 0 0 0 0 0 
1 0 2 0 2 0 2 0 2 0 2 0 0 0 
1 0 0 0 0 0 0 0 0 0 0 0 0 0 
1 0 2 0 2 0 2 0 2 0 2 0 0 0 
1 0 0 0 0 0 0 0 0 0 0 0 0 0 
1 0 2 0 2 0 2 0 2 0 2 0 0 0 
1 0 0 0 0 0 0 0 0 0 0 0 0 0 
1 0 2 0 2 0 2 0 2 0 2 0 0 0 
1 0 0 0 0 0 0 0 0 0 0 0 0 0 
1 0 2 0 2 0 2 0 2 0 2 0 0 0 
1 0 0 0 0 0 0 0 0 0 0 0 0 0 
/13

<32>
1 1 1 1 1 1 1 1 1 1 1 1 1 1 
1 1 1 1 1 1 1 1 1 1 1 1 1 0 
1 0 2 0 2 0 2 0 2 0 2 0 0 0 
1 0 0 0 0 0 0 0 0 0 0 0 0 0 
1 0 2 0 2 0 2 0 2 0 2 0 0 0 
1 0 0 0 0 0 0 0 0 0 0 0 0 0 
1 0 2 0 2 0 2 0 2 0 2 0 0 0 
1 0 0 0 0 0 0 0 0 0 0 0 0 0 
1 0 2 0 2 0 2 0 2 0 2 0 0 0 
1 0 0 0 0 0 0 0 0 0 0 0 0 0 
1 0 2 0 2 0 2 0 2 0 2 0 0 0 
1 0 0 0 0 0 0 0 0 0 0 0 0 0 
1 0 2 0 2 0 2 0 2 0 2 0 0 0 
1 0 0 0 0 0 0 0 0 0 0 0 0 0 
1 0 2 0 2 0 2 0 2 0 2 0 0 0 
1 0 0 0 0 0 0 0 0 0 0 0 0 0 
1 0 2 0 2 0 2 0 2 0 2 0 0 0 
1 0 0 0 0 0 0 0 0 0 0 0 0 0 
/12

<33>
1 1 1 1 1 1 1 1 1 1 1 1 1 1 
1 1 1 1 1 1 1 1 1 1 1 1 0 0 
1 0 2 0 2 0 2 0 2 0 2 0 0 0 
1 0 0 0 0 0 0 0 0 0 0 0 0 0 
1 0 2 0 2 0 2 0 2 0 2 0 0 0 
1 0 0 0 0 0 0 0 0 0 0 0 0 0 
1 0 2 0 2 0 2 0 2 0 2 0 0 0 
1 0 0 0 0 0 0 0 0 0 0 0 0 0 
1 0 2 0 2 0 2 0 2 0 2 0 0 0 
1 0 0 0 0 0 0 0 0 0 0 0 0 0 
1 0 2 0 2 0 2 0 2 0 2 0 0 0 
1 0 0 0 0 0 0 0 0 0 0 0 0 0 
1 0 2 0 2 0 2 0 2 0 2 0 0 0 
1 0 0 0 0 0 0 0 0 0 0 0 0 0 
1 0 2 0 2 0 2 0 2 0 2 0 0 0 
1 0 0 0 0 0 0 0 0 0 0 0 0 0 
1 0 2 0 2 0 2 0 2 0 2 0 0 0 
1 0 0 0 0 0 0 0 0 0 0 0 0 0 
/11

<34>
1 1 1 1 1 1 1 1 1 1 1 1 1 1 
1 1 1 1 1 1 1 1 1 1 1 0 0 0 
1 0 2 0 2 0 2 0 2 0 2 0 0 0 
1 0 0 0 0 0 0 0 0 0 0 0 0 0 
1 0 2 0 2 0 2 0 2 0 2 0 0 0 
1 0 0 0 0 0 0 0 0 0 0 0 0 0 
1 0 2 0 2 0 2 0 2 0 2 0 0 0 
1 0 0 0 0 0 0 0 0 0 0 0 0 0 
1 0 2 0 2 0 2 0 2 0 2 0 0 0 
1 0 0 0 0 0 0 0 0 0 0 0 0 0 
1 0 2 0 2 0 2 0 2 0 2 0 0 0 
1 0 0 0 0 0 0 0 0 0 0 0 0 0 
1 0 2 0 2 0 2 0 2 0 2 0 0 0 
1 0 0 0 0 0 0 0 0 0 0 0 0 0 
1 0 2 0 2 0 2 0 2 0 2 0 0 0 
1 0 0 0 0 0 0 0 0 0 0 0 0 0 
1 0 2 0 2 0 2 0 2 0 2 0 0 0 
1 0 0 0 0 0 0 0 0 0 0 0 0 0 
/10

<35>
1 1 1 1 1 1 1 1 1 1 1 1 1 1 
1 1 1 1 1 1 1 1 1 1 0 0 0 0 
1 0 2 0 2 0 2 0 2 0 2 0 0 0 
1 0 0 0 0 0 0 0 0 0 0 0 0 0 
1 0 2 0 2 0 2 0 2 0 2 0 0 0 
1 0 0 0 0 0 0 0 0 0 0 0 0 0 
1 0 2 0 2 0 2 0 2 0 2 0 0 0 
1 0 0 0 0 0 0 0 0 0 0 0 0 0 
1 0 2 0 2 0 2 0 2 0 2 0 0 0 
1 0 0 0 0 0 0 0 0 0 0 0 0 0 
1 0 2 0 2 0 2 0 2 0 2 0 0 0 
1 0 0 0 0 0 0 0 0 0 0 0 0 0 
1 0 2 0 2 0 2 0 2 0 2 0 0 0 
1 0 0 0 0 0 0 0 0 0 0 0 0 0 
1 0 2 0 2 0 2 0 2 0 2 0 0 0 
1 0 0 0 0 0 0 0 0 0 0 0 0 0 
1 0 2 0 2 0 2 0 2 0 2 0 0 0 
1 0 0 0 0 0 0 0 0 0 0 0 0 0 
/9

<36>
1 1 1 1 1 1 1 1 1 1 1 1 1 1 
1 1 1 1 1 1 1 1 1 0 0 0 0 0 
1 0 2 0 2 0 2 0 2 0 2 0 0 0 
1 0 0 0 0 0 0 0 0 0 0 0 0 0 
1 0 2 0 2 0 2 0 2 0 2 0 0 0 
1 0 0 0 0 0 0 0 0 0 0 0 0 0 
1 0 2 0 2 0 2 0 2 0 2 0 0 0 
1 0 0 0 0 0 0 0 0 0 0 0 0 0 
1 0 2 0 2 0 2 0 2 0 2 0 0 0 
1 0 0 0 0 0 0 0 0 0 0 0 0 0 
1 0 2 0 2 0 2 0 2 0 2 0 0 0 
1 0 0 0 0 0 0 0 0 0 0 0 0 0 
1 0 2 0 2 0 2 0 2 0 2 0 0 0 
1 0 0 0 0 0 0 0 0 0 0 0 0 0 
1 0 2 0 2 0 2 0 2 0 2 0 0 0 
1 0 0 0 0 0 0 0 0 0 0 0 0 0 
1 0 2 0 2 0 2 0 2 0 2 0 0 0 
1 0 0 0 0 0 0 0 0 0 0 0 0 0 
/8

<37>
1 1 1 1 1 1 1 1 1 1 1 1 1 1 
1 1 1 1 1 1 1 1 0 0 0 0 0 0 
1 0 2 0 2 0 2 0 2 0 2 0 0 0 
1 0 0 0 0 0 0 0 0 0 0 0 0 0 
1 0 2 0 2 0 2 0 2 0 2 0 0 0 
1 0 0 0 0 0 0 0 0 0 0 0 0 0 
1 0 2 0 2 0 2 0 2 0 2 0 0 0 
1 0 0 0 0 0 0 0 0 0 0 0 0 0 
1 0 2 0 2 0 2 0 2 0 2 0 0 0 
1 0 0 0 0 0 0 0 0 0 0 0 0 0 
1 0 2 0 2 0 2 0 2 0 2 0 0 0 
1 0 0 0 0 0 0 0 0 0 0 0 0 0 
1 0 2 0 2 0 2 0 2 0 2 0 0 0 
1 0 0 0 0 0 0 0 0 0 0 0 0 0 
1 0 2 0 2 0 2 0 2 0 2 0 0 0 
1 0 0 0 0 0 0 0 0 0 0 0 0 0 
1 0 2 0 2 0 2 0 2 0 2 0 0 0 
1 0 0 0 0 0 0 0 0 0 0 0 0 0 
/7

<38>
1 1 1 1 1 1 1 1 1 1 1 1 1 1 
1 1 1 1 1 1 1 0 0 0 0 0 0 0 
1 0 2 0 2 0 2 0 2 0 2 0 0 0 
1 0 0 0 0 0 0 0 0 0 0 0 0 0 
1 0 2 0 2 0 2 0 2 0 2 0 0 0 
1 0 0 0 0 0 0 0 0 0 0 0 0 0 
1 0 2 0 2 0 2 0 2 0 2 0 0 0 
1 0 0 0 0 0 0 0 0 0 0 0 0 0 
1 0 2 0 2 0 2 0 2 0 2 0 0 0 
1 0 0 0 0 0 0 0 0 0 0 0 0 0 
1 0 2 0 2 0 2 0 2 0 2 0 0 0 
1 0 0 0 0 0 0 0 0 0 0 0 0 0 
1 0 2 0 2 0 2 0 2 0 2 0 0 0 
1 0 0 0 0 0 0 0 0 0 0 0 0 0 
1 0 2 0 2 0 2 0 2 0 2 0 0 0 
1 0 0 0 0 0 0 0 0 0 0 0 0 0 
1 0 2 0 2 0 2 0 2 0 2 0 0 0 
1 0 0 0 0 0 0 0 0 0 0 0 0 0 
/6

<39>
1 1 1 1 1 1 1 1 1 1 1 1 1 1 
1 1 1 1 1 1 0 0 0 0 0 0 0 0 
1 0 2 0 2 0 2 0 2 0 2 0 0 0 
1 0 0 0 0 0 0 0 0 0 0 0 0 0 
1 0 2 0 2 0 2 0 2 0 2 0 0 0 
1 0 0 0 0 0 0 0 0 0 0 0 0 0 
1 0 2 0 2 0 2 0 2 0 2 0 0 0 
1 0 0 0 0 0 0 0 0 0 0 0 0 0 
1 0 2 0 2 0 2 0 2 0 2 0 0 0 
1 0 0 0 0 0 0 0 0 0 0 0 0 0 
1 0 2 0 2 0 2 0 2 0 2 0 0 0 
1 0 0 0 0 0 0 0 0 0 0 0 0 0 
1 0 2 0 2 0 2 0 2 0 2 0 0 0 
1 0 0 0 0 0 0 0 0 0 0 0 0 0 
1 0 2 0 2 0 2 0 2 0 2 0 0 0 
1 0 0 0 0 0 0 0 0 0 0 0 0 0 
1 0 2 0 2 0 2 0 2 0 2 0 0 0 
1 0 0 0 0 0 0 0 0 0 0 0 0 0 
/5

<40>
1 1 1 1 1 1 1 1 1 1 1 1 1 1 
1 1 1 1 1 0 0 0 0 0 0 0 0 0 
1 0 2 0 2 0 2 0 2 0 2 0 0 0 
1 0 0 0 0 0 0 0 0 0 0 0 0 0 
1 0 2 0 2 0 2 0 2 0 2 0 0 0 
1 0 0 0 0 0 0 0 0 0 0 0 0 0 
1 0 2 0 2 0 2 0 2 0 2 0 0 0 
1 0 0 0 0 0 0 0 0 0 0 0 0 0 
1 0 2 0 2 0 2 0 2 0 2 0 0 0 
1 0 0 0 0 0 0 0 0 0 0 0 0 0 
1 0 2 0 2 0 2 0 2 0 2 0 0 0 
1 0 0 0 0 0 0 0 0 0 0 0 0 0 
1 0 2 0 2 0 2 0 2 0 2 0 0 0 
1 0 0 0 0 0 0 0 0 0 0 0 0 0 
1 0 2 0 2 0 2 0 2 0 2 0 0 0 
1 0 0 0 0 0 0 0 0 0 0 0 0 0 
1 0 2 0 2 0 2 0 2 0 2 0 0 0 
1 0 0 0 0 0 0 0 0 0 0 0 0 0 
/4

<41>
1 1 1 1 1 1 1 1 1 1 1 1 1 1 
1 1 1 1 0 0 0 0 0 0 0 0 0 0 
1 0 2 0 2 0 2 0 2 0 2 0 0 0 
1 0 0 0 0 0 0 0 0 0 0 0 0 0 
1 0 2 0 2 0 2 0 2 0 2 0 0 0 
1 0 0 0 0 0 0 0 0 0 0 0 0 0 
1 0 2 0 2 0 2 0 2 0 2 0 0 0 
1 0 0 0 0 0 0 0 0 0 0 0 0 0 
1 0 2 0 2 0 2 0 2 0 2 0 0 0 
1 0 0 0 0 0 0 0 0 0 0 0 0 0 
1 0 2 0 2 0 2 0 2 0 2 0 0 0 
1 0 0 0 0 0 0 0 0 0 0 0 0 0 
1 0 2 0 2 0 2 0 2 0 2 0 0 0 
1 0 0 0 0 0 0 0 0 0 0 0 0 0 
1 0 2 0 2 0 2 0 2 0 2 0 0 0 
1 0 0 0 0 0 0 0 0 0 0 0 0 0 
1 0 2 0 2 0 2 0 2 0 2 0 0 0 
1 0 0 0 0 0 0 0 0 0 0 0 0 0 
/3

<42>
1 1 1 1 1 1 1 1 1 1 1 1 1 1 
1 1 1 0 0 0 0 0 0 0 0 0 0 0 
1 0 2 0 2 0 2 0 2 0 2 0 0 0 
1 0 0 0 0 0 0 0 0 0 0 0 0 0 
1 0 2 0 2 0 2 0 2 0 2 0 0 0 
1 0 0 0 0 0 0 0 0 0 0 0 0 0 
1 0 2 0 2 0 2 0 2 0 2 0 0 0 
1 0 0 0 0 0 0 0 0 0 0 0 0 0 
1 0 2 0 2 0 2 0 2 0 2 0 0 0 
1 0 0 0 0 0 0 0 0 0 0 0 0 0 
1 0 2 0 2 0 2 0 2 0 2 0 0 0 
1 0 0 0 0 0 0 0 0 0 0 0 0 0 
1 0 2 0 2 0 2 0 2 0 2 0 0 0 
1 0 0 0 0 0 0 0 0 0 0 0 0 0 
1 0 2 0 2 0 2 0 2 0 2 0 0 0 
1 0 0 0 0 0 0 0 0 0 0 0 0 0 
1 0 2 0 2 0 2 0 2 0 2 0 0 0 
1 0 0 0 0 0 0 0 0 0 0 0 0 0 
/2

<43>
1 1 1 1 1 1 1 1 1 1 1 1 1 1 
1 1 0 0 0 0 0 0 0 0 0 0 0 0 
1 0 2 0 2 0 2 0 2 0 2 0 0 0 
1 0 0 0 0 0 0 0 0 0 0 0 0 0 
1 0 2 0 2 0 2 0 2 0 2 0 0 0 
1 0 0 0 0 0 0 0 0 0 0 0 0 0 
1 0 2 0 2 0 2 0 2 0 2 0 0 0 
1 0 0 0 0 0 0 0 0 0 0 0 0 0 
1 0 2 0 2 0 2 0 2 0 2 0 0 0 
1 0 0 0 0 0 0 0 0 0 0 0 0 0 
1 0 2 0 2 0 2 0 2 0 2 0 0 0 
1 0 0 0 0 0 0 0 0 0 0 0 0 0 
1 0 2 0 2 0 2 0 2 0 2 0 0 0 
1 0 0 0 0 0 0 0 0 0 0 0 0 0 
1 0 2 0 2 0 2 0 2 0 2 0 0 0 
1 0 0 0 0 0 0 0 0 0 0 0 0 0 
1 0 2 0 2 0 2 0 2 0 2 0 0 0 
1 0 0 0 0 0 0 0 0 0 0 0 0 0 
/1

<44>
1 1 1 1 1 1 1 1 1 1 1 1 1 1 
1 0 0 0 0 0 0 0 0 0 0 0 0 0 
1 0 2 0 2 0 2 0 2 0 2 0 0 0 
1 0 0 0 0 0 0 0 0 0 0 0 0 0 
1 0 2 0 2 0 2 0 2 0 2 0 0 0 
1 0 0 0 0 0 0 0 0 0 0 0 0 0 
1 0 2 0 2 0 2 0 2 0 2 0 0 0 
1 0 0 0 0 0 0 0 0 0 0 0 0 0 
1 0 2 0 2 0 2 0 2 0 2 0 0 0 
1 0 0 0 0 0 0 0 0 0 0 0 0 0 
1 0 2 0 2 0 2 0 2 0 2 0 0 0 
1 0 0 0 0 0 0 0 0 0 0 0 0 0 
1 0 2 0 2 0 2 0 2 0 2 0 0 0 
1 0 0 0 0 0 0 0 0 0 0 0 0 0 
1 0 2 0 2 0 2 0 2 0 2 0 0 0 
1 0 0 0 0 0 0 0 0 0 0 0 0 0 
1 0 2 0 2 0 2 0 2 0 2 0 0 0 
1 0 0 0 0 0 0 0 0 0 0 0 0 0 
/0

